5410
4131
5813
832
7618
664
981
5373
3390
8865
1371
5843
1784
8429
5001
8828
4390
9045
7271
1790
257
5449
4962
2449
9658
5236
4848
9825
9695
9568
6043
3994
3999
895
9623
7069
775
1104
1247
3591
8337
8174
2511
4559
4923
9280
4593
5658
65
3598
3376
6898
8072
8571
8701
7844
301
9299
1637
9880
1801
1870
2739
4544
9630
7970
1169
4892
4717
9890
9204
5009
6453
2194
9218
1381
9413
8716
519
8611
4527
1322
1550
1167
2873
9919
8931
2282
8816
1556
8574
901
664
157
5658
7684
1236
7411
9658
1444
7763
9655
7802
8131
413
5202
5363
5480
1390
1499
3970
7819
2039
1745
9826
7118
3671
6153
2093
8393
8940
3916
8018
9803
4507
8104
5427
389
2456
7237
5096
1308
7485
4057
5202
9601
9222
4162
7592
7103
4194
4595
893
896
9975
5211
8646
5885
4783
3716
1600
4533
9461
8635
2022
3561
5127
3155
4511
2512
9068
6759
2133
4477
3448
917
8920
4996
6273
9674
9796
1169
1736
5928
6773
9348
7501
9450
5949
6445
9831
3214
3235
6824
3516
518
8049
4068
2514
6530
3235
4446
8924
4395
6393
6841
2453
7852
2481
2116
9903
9420
64
3377
4363
5644
3909
7496
6759
8653
4756
7344
8235
6306
3054
3692
406
1611
7185
5482
1970
5738
8311
7289
4375
8000
3318
3164
6285
409
4568
6776
6451
4111
153
8811
7235
9867
1182
3886
6546
5041
3263
931
4207
5088
7781
2911
9898
8401
4848
4084
3728
9586
3863
5517
7208
7682
9504
2557
1957
2700
675
1095
5813
5936
7449
3038
1189
6962
6340
5209
8496
2942
7424
77
8243
3972
7714
1146
9031
1515
4005
630
5070
5686
4953
2140
6076
1128
6536
6463
4451
537
7254
4290
9501
9506
9428
5717
6109
6292
766
2715
5763
5357
6043
7415
1121
4078
2124
5986
1426
7913
885
5207
4949
469
3605
6376
6429
1426
7330
9133
1962
7068
8368
5964
1195
5305
622
6698
6795
9482
6757
1131
4201
3040
8357
7059
395
116
7153
496
9091
5588
3188
4582
1106
1692
7334
3814
2946
7385
4970
602
3648
911
4839
1897
9805
5636
2080
4631
1333
4174
7299
74
6047
6062
4129
8837
9383
9770
6215
247
6726
764
801
2060
9689
3447
164
9080
4467
6359
4044
2174
9866
6787
5900
2342
5025
3065
3331
8064
1964
289
8341
7969
6102
7889
6232
5019
8670
5582
2901
2868
8532
7589
9012
9834
7373
3673
6163
1003
1425
9569
4483
4394
4924
8656
3346
2809
5391
1375
6848
9048
8452
8787
3571
8466
414
1954
5741
9546
95
9341
6372
76
7517
338
4219
3839
5980
4167
5460
281
5777
9925
7900
7528
2317
5355
8183
7361
8833
9007
5008
9242
3955
2926
1692
9354
7457
725
9516
9756
3249
8962
9266
2225
7302
8107
2145
1111
9596
3088
2775
9647
3435
2349
6426
4545
2480
8726
9778
4404
5740
5009
9559
8518
3393
2021
6199
3977
1814
7282
292
617
4468
7874
8093
5346
6429
2011
8552
9631
4191
9973
8445
6537
9198
6596
4048
6592
3024
4257
7511
4975
4509
7486
3580
6060
4316
7708
7650
5152
358
9387
9269
1450
8327
6908
6139
682
5166
4878
2453
686
9739
3245
1945
8253
4186
2578
450
973
1486
4213
4926
3538
9605
4544
5945
3969
276
2697
8445
1584
937
6057
1198
5161
1634
8673
8868
6737
4814
3454
1823
3721
4835
218
7917
9630
5767
8183
7345
1629
569
3273
6377
1270
2117
7739
8285
3369
6694
2038
100
6779
3551
6634
1967
9971
9925
4449
1814
3813
9514
3092
1815
3689
3819
9615
4695
3203
9995
9603
7321
2115
5890
6663
6184
1857
2815
8022
4452
3010
9229
6877
3022
467
4036
2361
8693
3640
6458
3569
993
1051
556
4955
5471
909
6388
6572
5330
1871
6533
4151
5169
1080
6221
792
279
9780
7708
4190
2481
368
4648
717
8786
2511
244
452
2306
198
3705
5302
5794
5970
3179
5709
6935
3417
9721
148
1114
4067
6093
5583
1731
243
6235
6387
360
1111
6096
3831
9054
5250
4197
8177
4909
9326
728
664
2641
9174
7349
3239
4383
6516
5886
9726
7167
1820
3096
3339
7608
1420
365
1926
229
4874
1747
4126
538
6800
1133
6771
6462
5903
9465
6254
2126
2797
5921
4371
6020
7325
2778
2180
1606
5592
2243
3772
2154
6651
5008
5581
3164
8920
4444
5793
5111
6773
7465
2775
6489
8467
2878
1022
2067
7609
758
8080
4165
1690
1818
6136
5346
2862
4076
7515
9382
8108
5193
4216
3626
8218
2790
7767
9954
7591
1769
7213
3382
9746
7226
9820
7107
6694
3856
1227
268
3792
7966
9183
23
5572
6156
7779
2688
2179
5521
7112
9614
516
3856
6717
2264
8965
4731
9752
7495
9648
1550
8945
8445
7583
6745
4606
8648
1816
7110
9613
6959
9626
3933
6248
8740
1228
7101
4955
4368
9085
5578
5699
9578
2857
2840
8427
3419
8319
4697
363
8670
6171
8700
4307
6439
4541
8859
3965
1386
7212
6762
9432
6498
8130
326
8374
6677
1571
4423
6226
8552
6528
3390
1750
9831
3294
4045
2687
5318
44
9248
9913
8258
7265
6268
7495
5077
8319
1269
361
8763
5095
1069
912
1163
8778
6001
836
7288
7066
3181
4628
5335
827
7776
6870
4611
5162
971
6222
9784
2098
7257
5203
3960
4729
371
6404
4984
5536
6785
2512
9034
4802
7977
9702
3122
8602
7879
1345
3398
9639
9908
1747
9329
8397
8725
7682
4733
6502
5525
8842
5443
8986
2030
7042
9920
7223
7622
7956
3532
9712
6072
8537
9426
3589
3179
7821
8890
5791
4308
8803
1977
9097
1284
4293
4752
4982
1388
205
2993
2106
7327
5638
3442
6611
5927
246
2752
7931
5069
5915
1183
1744
2891
1583
2780
9919
673
7105
6296
5799
937
4572
1418
2044
5325
3167
3017
7378
2573
6747
2068
8054
5516
1678
5656
9628
7479
6156
69
4727
2617
1215
321
2888
1846
7961
6707
9253
5818
5153
3942
9947
9083
6224
1308
3293
5063
5040
2818
7668
9739
5284
4914
8761
3059
9204
5407
1299
1004
7644
1503
2847
7967
4778
6596
234
8625
7783
5235
2341
887
3777
3171
6527
6599
3807
4706
9789
4727
6417
2718
9944
2492
1347
7670
6513
3553
7332
672
5846
8735
6623
2234
46
4045
2839
2756
4685
2748
8096
2964
6017
3131
9944
2524
4404
1247
8603
2918
7019
8421
219
6236
9540
6575
2406
5057
3509
537
4246
9799
3305
5429
4058
9014
4271
8935
4769
4991
1437
2809
8516
1709
6482
5329
9230
4709
9121
6563
4387
2775
7929
1315
4846
9439
4760
368
4756
8276
6405
9296
1898
9718
6877
5493
2475
8693
3823
8307
3394
1766
2957
4218
9362
9658
5103
8846
1763
6057
1504
230
1188
6403
4343
3316
5755
1026
1104
3875
2901
5411
3350
1168
3204
6655
2784
2602
970
9245
28
353
7819
5159
4462
9450
2293
3018
6699
9194
670
8491
8760
4942
1547
3501
877
5257
9531
4915
7998
226
1437
4330
3531
349
1740
9346
2624
1815
2721
3290
2394
3217
8750
4702
1895
785
3440
166
336
4083
3027
3987
8087
1779
9279
6120
1353
7576
458
5336
8025
9664
9442
8082
9214
3202
3943
4747
8220
4197
4994
4123
6289
4926
6320
3718
2408
5555
9046
8300
2613
3980
3305
1535
2774
6073
731
5932
7720
1496
9594
4415
8648
6044
7354
2802
281
64
3803
6248
8976
3938
1656
4240
3094
5821
402
8158
7336
3886
3593
2590
3457
5167
9314
6604
804
5775
8543
4010
1464
2710
6339
2260
6444
5824
6359
8107
1276
9550
66
4387
1731
7972
8186
6359
2882
3492
3443
7937
7678
8942
444
7826
4413
5295
658
3104
5959
2329
7908
3101
7530
7561
2512
9554
3828
9561
279
9999
942
5362
5927
62
3113
8093
9179
6950
9573
205
5776
777
2075
9672
4972
2572
9434
1442
9673
7850
1426
4039
5329
2401
735
1724
8918
2641
8287
5907
9950
6265
4267
5594
1229
244
4390
5581
8362
2258
8607
2838
3448
8539
7288
6052
199
5813
8174
671
4883
7522
5893
1936
9881
4836
4681
1385
4427
1112
4103
8097
112
4376
7017
4540
7158
6190
8825
8313
1101
6827
7107
5309
8543
6066
1178
6828
4930
6108
1778
3084
6938
8131
2161
8151
6974
6828
3178
6929
7540
7895
6582
2951
8792
1891
2786
6999
3446
4156
1529
389
9410
4530
6545
3510
1998
2518
8182
9763
4385
3237
1170
7379
7072
6981
8243
6782
4604
578
4154
9114
465
1840
8789
2359
9190
9351
2531
5084
8061
8609
1818
4247
9460
2089
7911
2740
8934
5210
7294
4378
3337
2357
7850
8909
8041
7132
966
7261
2121
8839
6074
7758
5686
2811
767
7286
4059
5687
6615
7527
9410
7942
8060
5283
1595
5106
9374
7630
6470
5951
2543
7200
1745
645
7180
236
7574
4362
2080
229
1487
2189
6856
2919
5040
9273
1274
4255
2597
6115
9348
1485
1033
2684
5034
8972
2833
6582
6453
4584
4050
9881
5969
9503
2890
6455
4179
4191
4322
6629
6856
5898
1032
8813
5284
8575
1286
8377
2004
4352
9827
2537
6028
6848
8801
6215
3781
484
1882
7949
4679
6703
6265
6810
3107
7552
4007
965
1809
9425
6301
6039
5193
4927
1718
6768
4928
8809
2176
8549
4323
4709
8483
6445
2482
3047
615
7978
3958
6806
6647
2589
4763
1219
8175
5054
958
5349
9426
2329
1771
8472
1845
3301
5220
1787
5895
8769
558
6488
7032
4580
8492
2509
3394
4316
7106
8355
8600
9193
8691
1360
4241
1865
264
9431
3129
7775
8476
9878
6197
2324
7793
8301
3046
4697
9399
629
8566
9458
7061
4446
5812
5211
5398
1472
8369
5518
5409
1702
3805
1068
1930
1122
3494
3643
7750
9128
3089
1817
9537
8846
2235
5507
1424
3374
1708
1540
3131
3657
1141
5182
855
9164
688
3226
781
851
5585
2705
7050
6974
3400
5513
8302
6239
9963
3319
9468
9528
1455
9045
8427
927
6947
857
319
1205
7791
2142
5856
1996
7701
6265
3807
6954
116
8031
1963
6931
7466
4722
5381
9823
370
8354
5462
2155
3441
7342
8509
8707
8381
183
7814
8512
4373
5932
9037
413
358
6270
4660
9059
3756
1790
9648
2639
5406
751
7079
7017
1072
2003
9489
6975
5719
5043
8952
4221
7969
9243
6475
3531
8603
1152
9230
2944
8814
3517
2328
1281
1023
2114
376
6418
7504
6866
2890
734
9800
1812
6801
5929
4982
4470
8736
8034
3159
8875
9549
4822
4344
8157
3641
2086
1759
1907
6045
2272
2972
775
926
8811
9899
5751
6189
2173
3592
2411
241
9130
38
1032
8571
5002
8680
1938
9800
9791
6314
1696
3119
2991
5129
9852
1625
8612
5210
7775
8954
1486
8585
895
9838
8281
4043
3102
8738
1822
9376
7423
4522
5274
432
208
3326
3571
4439
7010
6214
3026
8413
7120
2976
6530
2162
250
8556
934
9365
3293
3944
5269
9557
7245
9136
3305
8408
4400
1722
1625
3681
3757
1080
4851
9443
8202
4729
2974
1705
483
412
1822
4492
6239
4730
6630
6567
1456
6731
391
5501
8548
2784
3234
7597
23
7248
6384
9284
1151
2001
4483
8057
3397
6711
2965
8747
8533
895
3040
3984
9241
8266
5366
6084
5839
3641
4988
1264
281
2793
4273
6087
8010
5996
7674
353
5405
6751
1967
249
5596
8199
8296
545
8238
1066
7822
4809
9460
8623
1084
8223
6664
6127
2257
8423
9109
4475
3429
5978
9270
388
748
7605
1876
8335
3804
2044
7196
2656
2006
616
2678
1812
6841
1933
2357
577
6911
2958
6574
120
3406
6699
5522
368
7312
139
8857
3857
6022
4749
225
5332
6294
5872
9904
6770
2503
6601
982
3208
4010
6381
4500
806
3136
4514
6786
4867
5683
3957
7884
2235
9278
1401
3377
9424
875
5453
3223
5122
3702
5941
231
3284
5635
3864
7749
958
5561
3293
777
3169
1609
3667
7288
5725
5311
3350
6795
5666
8739
3074
1405
8181
7443
917
486
8334
623
8878
3888
5671
1386
4752
182
9902
4166
2036
5806
6229
3424
4871
8179
9612
7603
4674
858
8291
4977
30
1659
8230
3506
1658
5245
1771
5109
9816
197
5780
5870
2414
6792
6824
7597
8227
5806
3517
2891
1147
547
9059
5434
8194
4013
214
9523
6126
577
2510
8095
8930
6939
5256
6419
1207
196
4140
9439
534
1853
3628
4376
5246
5344
6173
6576
2762
1190
296
5850
7579
8355
5049
2575
7371
2490
4043
7683
219
1825
8274
8346
5969
9255
3296
1607
9944
4818
2975
1551
7760
6192
8974
1653
5941
6134
2437
2908
4117
4806
1907
53
1163
1863
9407
2721
9393
7848
4854
5746
8065
6956
7465
2996
9877
3563
1676
2070
1886
3029
4249
3008
5319
3244
8678
2772
7145
7149
2813
8639
9928
8037
5685
7911
5497
8797
9923
8372
2265
3510
6875
3768
5643
4766
2559
1273
5946
2929
3909
3361
8420
4195
6440
4813
5558
2735
6408
6670
2780
8484
2832
2891
4711
6200
7302
2168
773
3308
2449
6908
5646
3732
3100
3767
2244
2453
7729
5229
2296
803
1614
9773
2373
5711
7267
8903
1229
6987
2184
2955
7743
5554
8709
3989
7377
2075
5929
3331
9094
9810
8879
3325
3980
7752
6082
7769
1419
78
2450
3111
8631
5799
931
3012
4581
8098
2918
2146
9876
6317
4413
1214
103
4809
2201
4073
1241
1927
1901
9604
2302
9324
7624
5482
2131
6440
1220
8373
4428
7532
7598
5234
7501
8966
1434
3387
2969
2582
9773
2831
720
6938
4435
2820
5794
1946
7959
6220
6527
4032
6887
9319
2295
8308
6592
1847
3520
1451
2555
1803
6183
3996
4059
2343
8061
3564
7553
3486
4116
1190
8639
9663
4039
1360
3562
5236
5820
2620
3379
4063
5385
9705
6556
5866
3853
0
8669
1739
758
6875
1056
3465
3698
9905
3830
6489
2330
7343
2484
4360
7333
9332
1474
3260
3061
1288
2621
8827
5944
5661
958
3913
9394
6822
5737
5128
9958
8256
9695
8071
8781
3386
5414
6004
7038
1410
3622
4394
3952
7313
4609
4204
1229
890
618
144
8339
3028
3989
6160
8891
8783
3148
9372
9577
5849
6092
5408
9617
3883
8941
2597
485
4891
5333
9864
2764
7341
965
3323
9455
7025
6410
9540
2789
5810
520
9238
4644
5378
6143
3815
9044
6799
9708
8457
8908
8363
6279
9865
8186
3484
2091
3656
4861
7685
7319
6339
9878
8673
2810
9449
2011
6340
5888
8894
8945
183
1968
855
347
40
693
6691
9640
2334
7557
3217
7322
8080
4616
1443
188
789
6719
6414
7630
2098
2973
3133
8275
483
6633
8727
7697
3711
472
8986
645
8840
8817
8199
9302
4510
1927
4811
2468
9034
3130
1853
9226
4382
4253
303
4641
499
268
5608
4374
6644
9782
2416
9688
6417
4041
259
4252
953
3444
3404
9428
434
7217
1355
5231
7484
8854
2632
66
7287
7229
3337
3507
8339
832
3756
2874
4617
527
794
6179
4677
4408
1381
1135
5655
6870
2167
2339
523
2850
3788
6497
5031
7341
3782
8612
6758
9739
847
418
2428
2377
4532
6044
1236
2654
8694
8856
1295
8611
4085
7761
3534
8482
5299
867
2367
5794
9959
9304
5292
2915
3514
4290
4199
7614
1312
6061
9627
9149
695
4154
5454
2674
9808
4716
5598
3348
6519
2011
6162
4438
402
8107
6192
6892
3080
6815
7681
1426
7398
5435
820
7962
3872
550
3592
1444
3639
2218
5786
7492
768
4243
6241
6146
3166
6910
8716
7036
581
2547
6169
4710
213
3604
5414
8576
5322
7536
4146
7921
9875
2724
134
8827
2749
4902
8040
6447
8316
4129
2730
3059
6314
8193
9250
9604
2852
9536
8673
5997
6102
9273
5925
3391
4779
3680
404
9813
4876
5663
2692
9081
273
6125
1004
1774
5813
7923
9139
6176
7248
8135
3655
6563
1047
2747
1747
5993
8480
1533
2867
834
2613
9925
6532
4681
3898
8936
5950
12
9897
3849
2096
6957
7342
7313
5715
9912
191
2713
5335
4351
5687
9255
7859
8184
1453
1081
4510
4246
650
8878
9038
3141
8884
3986
6928
8501
6149
1778
4082
5
9404
3218
943
2955
6560
947
3342
7112
653
8968
4515
1589
3726
3069
3639
7104
3598
2503
5045
1641
3065
2100
8794
668
354
8010
7720
8469
1638
9556
8218
2839
1332
4308
2087
1437
3512
3426
4531
4420
8292
9555
9092
4626
293
105
3696
3555
2428
4645
3298
8650
7155
6284
3636
4989
9067
3443
7525
2376
7238
199
9816
7064
3095
523
9620
5826
9751
4151
8770
8977
1708
9579
3596
8054
9644
2722
3034
3354
3586
8166
9870
6297
9191
3586
3481
1664
6098
6944
1808
5169
4337
344
7524
2525
4638
4076
8327
7206
1171
9285
4163
5431
687
7960
4760
8543
360
4498
9356
4947
7709
3947
6725
6006
9906
8241
7691
2908
6490
3210
4218
4424
9080
5976
8830
8654
3995
4438
5658
5433
8875
8009
9710
9855
2383
1504
4108
1573
6836
2111
5973
8952
7242
2787
408
1961
6616
4069
8597
2758
6680
299
425
8331
5115
5564
4212
5263
5346
9286
6180
2730
2547
1289
79
6165
3
1472
3044
661
3282
9724
7196
193
5740
7602
7754
5954
7837
4492
7523
4736
4438
7446
4462
6167
8836
5691
3792
5828
9573
7950
8550
9798
6314
3128
2882
5031
3984
2659
438
9091
212
5874
6240
2250
9676
8121
4106
4742
405
5038
3313
2016
1290
5394
7560
1279
7124
9189
6480
3288
7318
7358
4973
4412
7124
4331
8452
5299
5678
4959
2716
4139
3440
2852
5627
4492
2748
8085
4021
9898
9094
8353
3357
92
7457
9210
9486
6558
7599
5780
1630
8332
4535
487
3163
2533
5609
8764
2116
7901
3531
7441
6446
3807
5572
8590
80
1625
2686
4943
4488
166
8737
1711
7114
1941
9283
3609
2382
2420
1356
5203
3188
190
556
7308
812
1902
9457
2109
8972
2276
1767
4923
3426
6046
6
1046
1929
5726
556
2049
639
6316
8843
7021
2140
5691
9167
777
7100
7285
8214
2855
6343
9924
8637
8232
2545
8153
9279
3132
1163
5283
1568
7039
8275
490
7419
5086
9009
791
2572
3360
3963
8494
719
3341
2609
4787
7995
691
2045
555
4459
7920
6676
6220
9022
62
9393
3409
6981
7436
7656
2619
4758
9817
8517
2678
4765
1874
5061
9771
4396
634
3018
6078
7086
1886
347
656
72
3946
4509
8093
3087
4010
1813
3681
4496
4434
744
7391
6630
3723
6511
2734
9980
9747
7170
788
6768
751
2633
4113
7951
3124
6642
30
4200
3536
8346
7874
553
7072
4509
198
6549
2294
5572
3613
8444
8769
8815
1017
7825
2555
9664
3244
1384
355
7836
4864
9918
3624
8478
5807
722
9780
9671
7751
6471
8848
6800
1832
5375
359
1126
2088
1995
7136
4617
7319
5404
9718
5613
2509
1567
7612
195
9855
9803
1276
2286
8544
8962
1848
1456
1918
7567
3942
1146
434
3581
566
1624
8899
3687
8179
1344
6878
9020
4229
7606
1890
4130
9111
2394
5994
8626
9451
2108
7771
6436
9825
549
3286
5901
5614
2936
1635
5021
540
5032
2917
106
8627
5479
9093
2787
1809
1384
1057
9905
1232
6843
8496
3141
2403
1631
2609
410
1770
2608
5613
9033
5069
3499
5103
1483
5829
9693
5807
8104
5791
3423
6038
7631
7676
1303
1245
5546
4749
548
2464
2361
899
2425
3176
8783
9621
1472
4104
2337
163
6869
1836
574
4401
7948
3785
9197
8506
9312
8987
9627
9394
2264
1484
9373
7074
8330
662
345
551
7550
773
4778
6720
8897
132
5784
8810
2709
8947
9702
3382
5318
3644
447
2610
4224
4632
1766
1645
8084
3970
1998
9230
9557
9153
7296
3403
621
9299
3505
3136
9358
467
3964
1052
4400
7514
310
1986
8233
925
6046
7097
3404
8407
8138
3455
6270
2678
144
4618
1412
8838
1532
8557
6076
6999
1734
5485
8084
8418
4219
9620
2533
6316
5391
5755
2320
5719
5523
3577
5004
248
4026
155
3876
7574
9406
3738
4222
9425
5008
56
6705
6497
5251
5710
8582
3388
3511
1882
3
3761
1983
5632
7063
1358
5940
5328
5443
8173
9637
1372
8511
7154
8783
3339
1561
3093
4967
9872
9505
2067
752
8235
8784
6721
199
6297
5531
1956
8554
914
1063
3211
6528
3140
2703
7376
9142
2540
2599
4632
6474
9969
9734
8012
3812
630
634
6324
1676
6960
2415
5221
1984
3953
7780
690
5241
7893
5294
8957
5018
3163
9875
6960
252
771
7814
7878
2927
6569
7819
6964
8521
6724
4609
3925
9333
2965
4395
9457
6205
360
2211
5155
2516
5924
9534
8034
5376
7243
6862
3117
2902
6485
0
174
3152
6636
698
3573
9864
3635
1979
7444
2488
193
5989
1834
3157
4497
7549
9427
1232
9764
9699
6515
6859
8657
8497
6375
8538
9956
3065
7993
6171
3522
3476
8160
252
3647
3439
353
9908
133
6956
9548
7363
1087
8107
8120
4054
1357
974
4331
4116
5763
2324
1556
4222
6845
3133
3361
4907
2701
6282
6818
7373
1705
6843
4033
1542
7347
8239
9768
5642
8272
2275
1238
4967
5711
3541
4711
7628
2908
9003
2341
8080
8929
1756
1868
4999
2245
3816
1217
8714
7909
6654
9863
4757
5773
9670
8880
4401
6224
6257
2006
21
4205
4261
757
3016
1916
2674
7680
4682
5513
9196
3125
5895
1375
3975
2608
9769
3065
3234
3777
2545
965
2798
4283
1895
2776
5576
4426
8536
4541
8944
1371
6619
8668
7688
4918
673
7547
5660
8356
2085
8786
4615
1759
6060
840
1864
9223
785
5851
9285
6031
4154
9907
5020
6477
9799
9584
5761
8202
3409
7650
1885
4265
2370
111
9930
9896
6605
1388
6883
6920
6147
4361
8601
5143
1483
7251
296
6686
5972
9868
481
6163
5764
7627
1024
6936
1543
2904
5025
1209
8170
9823
1135
9660
2814
336
7612
4521
9543
6608
1925
8512
8485
7142
2048
921
665
1800
3716
1216
5422
3988
3848
94
5874
6562
4132
7602
9377
1783
300
8084
4089
4568
2057
2083
9840
2629
5760
6064
1335
6714
7023
1838
4389
9070
3180
8892
1380
8518
6237
4514
383
6070
5326
8520
3571
5895
3990
1716
4352
2620
1672
9769
9488
7453
658
7089
1931
2397
9452
8533
2503
3990
1037
265
3698
5381
9826
4930
6853
8342
4224
487
4758
4852
2666
6457
5328
1252
9786
6176
8435
6677
5906
8674
7172
1429
7431
9244
6907
303
7965
3461
303
453
9909
5432
4163
3364
4194
7397
4452
5692
1380
4478
9097
4328
836
5280
4320
6900
5960
6388
9129
85
2471
6342
4360
4652
3690
2601
7172
7896
1431
3199
9276
1293
3631
3350
7320
3623
147
6062
6856
7540
6338
4995
7091
641
9918
7262
2223
440
417
3619
6595
6359
2069
3620
5118
806
406
3679
7454
5753
9984
6705
4312
824
5700
3009
6857
3834
2980
3513
5750
4986
2745
7939
4568
1459
5510
2618
3525
12
5240
4853
3266
1404
7656
3320
5289
1922
9551
6943
5052
4109
5409
7836
6198
931
5088
7474
9485
5008
1693
9078
7995
7326
1855
3331
984
7866
1624
9047
2330
3983
9906
5143
5971
1026
7970
5387
9927
3704
7930
2779
2580
5992
5296
6139
9683
2017
703
7499
8304
249
3767
5236
4318
8626
7611
4543
3420
8744
6089
3767
1669
3152
6993
2464
551
942
3555
4565
3227
3350
3523
7976
3209
2861
9688
144
4029
6450
8350
7620
8676
6013
2442
6538
491
6796
4235
26
3075
7660
8451
8064
5300
5442
398
5069
8980
9287
5289
563
957
9873
4318
8704
8413
2735
233
3150
6070
4509
195
4767
6591
5871
6489
1019
1010
5160
6319
7537
4260
2248
371
4327
2021
3102
6048
1339
8983
1631
5406
722
5387
6928
9654
5990
8215
833
1832
1522
5767
2834
6729
9363
9539
6764
2485
4114
5280
6529
1409
869
5893
6095
8528
5592
2472
2400
5114
2138
6155
8478
1021
5178
2728
8125
4057
3698
3926
2709
6792
5476
4266
5372
1229
8927
9877
7767
9593
5079
6297
9773
5094
9078
5492
3128
19
7580
8445
5823
9720
5669
8582
5287
161
4532
3054
4861
3578
9011
3394
9882
1474
2377
4457
6822
6723
4181
697
1345
6833
5900
1824
8895
8594
8215
5669
4493
258
3243
4688
6771
1161
4823
3957
4973
285
12
2741
6638
4628
5403
8745
7974
5446
2521
4024
8589
5449
7650
4199
7118
2858
2715
8082
4600
8850
5549
3126
7947
3378
9802
3213
6759
612
7035
9203
2922
9309
6144
9397
3883
5321
8122
6629
7346
3130
7437
1009
7220
823
4769
2558
8115
8232
9726
5923
8371
1107
6301
147
9736
5131
8285
105
5111
2346
6640
2588
4498
9138
5911
9291
3276
9309
2167
964
6227
7958
668
1863
5365
1900
7483
1292
9537
203
5618
9516
9037
4008
2868
8594
8986
8287
5574
4822
1158
9438
9719
8347
5054
1681
8426
7286
5566
2120
2767
8178
6358
9014
1068
2005
5211
334
353
5133
18
9978
2472
7528
1849
7175
6556
6399
4583
535
8943
2008
8936
1988
1463
3803
2442
7388
9094
9272
5898
9995
8360
4956
1118
193
8590
8881
4440
9845
9157
6394
5379
2500
7184
6804
52
1303
1805
6560
4559
4887
3098
5798
4381
7827
6015
8978
2021
6265
2279
7098
6633
1229
6070
8483
6164
1846
2578
7516
4669
8179
1997
5843
4895
8724
5377
8552
8954
746
2917
8635
7978
2571
9720
6623
5028
5732
8835
8723
4169
1407
6472
6000
2671
6
9687
9188
2563
4932
2562
8573
2402
1573
2900
6064
51
390
7824
7022
2501
8603
3288
2734
9321
8439
9505
517
2211
1140
1544
7328
4293
5019
1952
4536
9274
2737
144
5987
2428
7669
1539
8911
2472
1718
7922
7335
5801
7298
9355
687
2350
4307
7134
6017
5367
8863
6705
925
5754
4359
9283
5648
5336
6942
957
7017
2384
6901
8497
4031
7055
4682
1776
4637
3996
5216
3751
5992
4329
7088
281
5928
9439
3714
3721
1685
4583
2135
6171
3011
1173
1283
565
716
2787
5681
349
8437
1453
2377
1404
4944
7551
8658
3092
6670
8815
5554
8812
5296
1309
7511
306
3212
8059
1691
4093
473
9006
1371
2890
459
9372
6602
9627
7868
2196
1927
6776
1907
4757
5289
9100
9573
7978
4490
3653
8791
2443
7557
6871
8810
4666
1205
4941
5776
2431
7201
297
4650
8626
9907
4029
4786
8841
9517
1287
5358
9176
4585
4344
8585
7226
4339
5880
3229
979
5934
3263
8201
7519
4354
3134
6261
5833
2972
4426
807
5771
894
7118
4506
8276
9205
3476
7144
349
1953
8294
1477
1919
9298
4780
108
758
9646
3075
3433
5918
4754
9154
8581
9747
6844
2857
1910
3510
9553
5141
3125
1868
5193
6304
7351
7011
9246
8879
2630
4150
9270
1183
4177
6202
9473
96
3525
7049
4085
4530
157
9515
2377
4276
5645
6348
5654
2443
5427
9930
1901
3525
1364
9153
6883
3294
9009
9996
1437
1190
7090
9670
3481
630
3185
2899
9805
7761
8726
2912
7123
4585
8572
8978
4039
8091
5199
7008
5604
3053
5251
9611
9961
2489
6655
7275
2199
6445
7806
2892
4008
6703
6428
7712
8955
2303
4623
7991
2304
8359
8376
8096
1158
8551
4289
7638
5438
9862
3695
7321
2673
6700
4467
621
9939
335
3804
6168
4412
8768
1075
8735
9912
1598
8410
5151
642
4215
8129
5072
4820
5762
345
5614
358
5690
1105
3086
1885
4445
1291
4738
3455
4863
9173
8336
4086
2170
4979
7627
3920
2146
4140
7329
7230
8978
6973
2128
4776
6582
6475
364
2069
9793
2641
4563
1997
4693
1247
7806
9951
577
7405
7019
7128
9582
9344
1699
2964
3824
5885
9381
833
4072
1815
7123
2063
8415
9031
1754
2092
4172
7687
222
9157
1391
840
5444
293
1658
8116
2312
1623
1672
8772
3171
9916
7065
2211
1982
228
8263
4453
1661
62
6870
2398
9601
3941
7985
3781
2298
3541
1159
9664
1148
7606
280
8021
7988
2748
570
1529
779
947
9109
3
6904
2047
3793
8119
4043
9899
4509
2016
6277
8908
9429
4164
6165
3719
8817
4510
1896
8500
8481
7293
2297
3879
5131
7193
1477
8983
6278
5467
9179
3185
8022
6637
2574
7223
5121
8906
88
6139
9051
6992
8187
7148
1429
4359
7518
3978
2126
2900
5736
5482
3686
2077
491
406
6234
6228
7563
2078
9975
8316
5920
6463
5594
704
3630
4577
6382
8765
5929
5528
9767
1068
9570
9624
68
697
5552
1925
8758
5840
5764
5357
3292
4244
7724
9111
656
5298
5595
2409
7174
5614
4975
5920
1845
8775
3563
3140
6491
7618
9746
1838
2335
7880
6401
1331
9296
5348
7731
4793
1232
4726
2878
7057
7638
7374
1174
7433
9914
6797
440
3986
8189
5291
1519
360
2927
2524
9352
8801
4049
6981
3345
3308
9150
4192
7518
5003
1537
1440
3977
7746
8278
7271
1627
5794
8238
5516
5715
6856
139
7782
2803
3291
1113
5418
65
1401
6909
1781
7413
3771
5945
8338
5917
2422
744
3582
6198
1204
1920
2046
6051
4270
1880
1812
7404
3771
7633
2803
8922
3931
4740
4898
2052
616
7297
4446
5097
5129
2075
90
2043
8547
8462
4005
300
8181
9695
2622
4231
914
5011
1684
9444
9085
6816
4115
6147
3392
1745
5576
8585
3804
9570
1813
1538
3901
9325
3956
4205
6243
7708
2766
6372
6373
876
503
1738
881
7050
9560
8486
616
4036
307
7755
3535
2702
6684
6538
2982
4734
7003
2717
6238
597
9148
6419
5070
1497
3897
3721
4710
7389
7452
5804
204
1566
4424
9141
9387
1237
5499
9990
9888
2612
9798
9581
3495
8526
563
4694
4993
6347
4195
2063
4144
4064
6911
3982
8874
2807
335
6853
4913
4779
7174
3972
2168
6612
804
8842
908
9481
8082
5495
1484
8978
2966
7899
9769
9698
9650
1371
6719
1773
7827
5112
4600
9158
9426
6465
4221
2417
5696
4319
7300
1918
5899
1177
5531
901
3988
861
3273
1722
7673
1554
3930
2716
5038
1953
989
7585
7496
1657
3513
3997
4259
5604
2381
3175
2765
6377
8022
7642
1507
7483
2540
11
6591
5343
9157
1729
1002
7662
9710
7030
6036
1091
6603
3991
7655
1636
9021
1552
6616
7169
4493
8653
150
2542
5981
9187
4682
4326
1523
4423
3644
3990
8168
2720
1769
5458
4472
4907
7422
5415
6113
2521
7521
2475
7329
5267
5363
4377
6856
3508
296
755
758
1380
9582
2701
6143
6208
7042
9334
9146
308
75
5897
7735
1957
6560
7524
4930
3362
5740
7752
825
4772
2742
1091
2460
5545
4613
4524
9021
4940
6896
3685
6104
7670
3679
5638
6879
1859
753
1667
9825
9932
1104
315
2464
6174
4260
3007
7969
8243
6238
2031
6911
3739
4760
3412
9473
7088
5247
5229
4470
6460
6662
5353
232
5226
2721
1199
8998
7535
3201
8149
847
2993
2113
2537
5394
1151
4390
9777
9481
2521
353
8093
6933
9173
7765
3571
2048
4649
4499
2837
1991
9843
1026
5472
4463
8816
770
9536
6134
6068
8174
9991
4186
4729
8811
1675
8036
3294
3248
5564
771
7095
6550
9522
223
9532
8257
2438
7662
7198
3488
3762
8104
2569
4419
8771
9952
7622
2784
3607
3264
1900
8304
3111
5343
8904
4973
8796
9518
5417
6972
3899
8021
9398
8686
7407
2665
3402
8727
9183
7674
2156
6209
3882
7459
4863
8575
2196
8397
5100
4238
4194
7744
3742
9990
955
4684
3276
2687
7557
8240
5041
7093
2562
4250
4493
6883
6599
8963
3413
3841
5359
9916
2119
1027
415
5742
9238
9335
4601
5259
1325
3245
7408
2823
9741
832
9820
1275
7583
5098
7335
6021
5180
8591
4533
3785
8686
898
4472
7421
2649
9120
1464
3778
4086
4678
6309
5070
2533
5958
8950
5465
7854
5171
4702
3676
5151
9567
6678
9227
4021
1653
8870
4753
7635
455
1434
9212
5619
5989
2183
7217
3572
2121
6022
7796
1192
8755
7126
1895
457
2926
7014
1632
5073
9758
5377
5929
2494
8493
9496
6525
219
5840
2392
5546
8783
8736
9482
851
4885
1285
8432
8178
9431
6119
7150
9740
6931
8705
425
7401
4628
4250
6564
4769
2052
741
1595
6680
4228
8408
58
6373
4720
5440
8260
385
7869
2107
7932
8710
3122
657
5720
3056
8184
6290
6631
9205
1888
5326
7647
407
2116
277
1075
7499
8899
7967
5887
8029
7911
6038
9291
1026
4958
5265
94
6274
7797
9915
24
6951
7621
6083
9111
2304
8908
8392
6489
2695
2968
8756
8503
2769
7481
6997
1918
9767
1615
2015
1164
3100
3871
3966
5082
8133
7739
2404
415
1892
8420
2745
6434
854
2429
3524
7491
1350
722
9945
8056
1213
5122
4972
7854
7274
7318
7849
3059
7053
9443
1318
3227
4568
5369
3070
2604
9573
2218
3969
8772
6739
2332
5468
1218
6280
6952
1286
7325
373
4195
3915
3551
346
5577
4781
5098
8048
7294
8028
8255
1086
4729
1774
5773
5684
1265
7450
7137
2792
5375
7337
2385
2789
3160
2803
261
1630
7060
893
8922
6578
5269
4895
147
2857
564
5316
6058
3451
1691
1292
755
3058
5266
8874
7911
3803
1186
1861
9392
4640
9999
2893
9272
8640
6353
7375
2222
2312
8687
457
5193
8972
1673
7785
6545
3772
4546
4027
7360
1480
5448
9269
5494
9335
9155
2317
4166
6404
3188
1645
3328
7714
5162
9278
3890
6162
2473
265
1986
7703
3938
541
2905
5641
1835
8976
2047
7966
1951
5179
3323
7668
8700
3261
3789
9669
2157
3128
6992
9620
3929
5162
6482
9190
9200
1131
5267
9651
2989
4074
6605
612
9691
2539
6451
3520
6303
29
8127
249
1391
8846
5341
5486
3820
8554
540
7914
7545
3280
1782
9261
1327
8721
2784
2162
5188
9330
7636
7479
8563
8476
3749
9240
8702
9533
4101
675
1661
3861
2505
7962
2401
2400
3772
9243
4961
1224
3927
5237
8455
7812
4375
4340
9732
4013
7886
9484
8926
3743
3571
6240
9848
8272
2655
1647
3206
9671
6765
1075
6941
3421
5716
6055
4661
4513
2316
9483
94
7441
7602
5832
2748
9446
1068
3100
7589
8044
6976
103
9406
8467
9623
7405
771
3954
7570
2713
1022
2033
9257
1866
2541
2877
186
4681
9727
1643
4906
890
5551
5278
5394
5129
353
5710
1127
1537
7605
5562
5109
7900
1804
9572
4451
6472
4329
4754
3699
3600
4156
4998
4044
3149
1643
1291
1802
9283
5257
7035
5088
2688
3069
9018
8499
514
3128
8555
1792
4425
9414
3993
23
3027
2946
5350
9461
4613
881
4207
5656
3718
9906
7118
7519
256
4127
8810
3986
3181
1744
2210
7910
1538
9324
5959
5184
4534
7212
6475
5792
8845
4744
870
7466
5743
9295
9052
1939
2830
8934
8201
8408
5183
4465
483
8750
8521
2987
5339
4265
2660
1741
965
4303
6941
7978
5721
2977
618
7876
9123
1353
207
5085
3768
9014
2755
7427
4139
683
8598
8439
5539
722
9784
9020
6592
744
562
3246
1727
3344
4557
1589
5858
7970
9138
4219
2056
3371
1281
6879
4435
4704
777
1851
2730
2394
6053
7007
2022
4144
5023
6580
996
1114
8445
8364
4721
4210
6049
3377
3446
6680
6351
5648
7213
4765
9510
1799
7147
9018
8844
2320
8247
5094
701
9048
5204
4310
4253
6272
2306
1054
2487
6063
871
6295
3187
1993
2794
3811
3985
9211
6779
8553
8750
3025
4606
4584
3478
2578
8422
3425
8646
992
6413
2296
1533
8439
3474
5760
6426
4
5537
3566
2801
5912
1045
2121
1592
7711
751
6933
7480
360
7491
8637
778
6801
862
5745
5905
8564
7860
3156
4751
3238
9424
6619
2255
7213
4587
9864
8446
17
8444
2886
5855
4755
7542
7035
3764
7735
6417
4936
1025
9131
2021
1074
7363
5761
8550
1875
8994
6453
3791
2522
8168
299
9531
1417
7811
8149
2790
2180
1819
8124
1684
7409
8765
6618
9581
8018
1793
7296
3869
6920
268
1940
1157
6047
9428
8622
8975
1295
2692
4674
5210
787
7562
4173
359
8099
125
2279
4460
3530
5027
1626
86
3351
7531
9213
5133
9038
1720
5746
4312
5981
4291
3230
6220
3850
6474
762
3675
8903
7586
2923
8582
1858
2464
9965
9030
3639
1627
4060
5533
5325
7365
1286
5392
7889
1181
4735
8981
1992
7996
157
9440
7974
381
1885
7747
1460
1670
3445
8412
561
306
4211
7145
6484
8986
743
779
587
1284
9036
1439
7379
5275
1805
1509
4791
8421
3146
3273
158
448
1430
7309
2769
1313
151
6670
1612
9444
5558
9669
9977
1425
9402
2721
6958
8034
4889
6077
9576
3119
4004
9535
8239
1189
4807
2245
2553
6791
7970
579
4139
3739
2894
708
8016
5116
5046
7999
4372
5564
7828
3642
8094
5860
4253
20
4307
6021
5954
246
4334
7239
9683
4029
8004
4862
4310
1556
5033
4309
4583
9451
312
9335
1410
8024
5399
7358
2278
7003
1202
9733
9562
7734
4969
5771
8957
3447
7994
8080
5013
5582
9192
3363
5876
3421
3649
7214
4711
6292
4586
3628
1005
2475
1777
9963
977
6615
9398
5912
2662
7893
1542
672
7866
4552
4164
5963
182
6410
8115
3775
5514
5970
9095
6842
9140
429
6843
6666
1262
1439
7700
8679
1189
6833
1798
6579
8835
8674
8551
8240
1038
5002
1875
3712
9380
8399
9625
1783
5615
3126
94
5316
637
4007
2113
7188
2948
4421
4277
7978
3046
7865
3127
3827
814
7353
9758
7825
4064
9606
9211
1161
7682
6468
7303
878
4502
4265
5072
9525
1000
2927
1882
8272
3143
618
4448
9099
359
6349
482
3588
8459
2561
2524
5520
5575
2071
9602
1998
8696
8888
1806
3133
2224
414
5618
3477
4121
9329
5878
9329
9680
7066
3655
4782
7731
7180
7945
5984
9182
6179
3153
7447
3190
1387
3581
6439
1974
286
785
1509
1309
3446
9602
9022
67
3631
3874
7190
8842
6947
3461
578
4639
8026
7
9268
5888
133
101
5988
9639
2823
973
1360
692
4319
5660
2145
612
3116
1717
9847
3139
3520
9956
7383
1299
2760
7460
9657
716
3147
2162
9804
3042
1325
4654
6652
3246
8107
6578
518
4539
6571
3930
3824
5169
3187
7928
238
1978
6556
5716
1040
6676
1034
8084
231
2111
7973
1673
563
7467
5623
8633
1082
3277
9824
7626
3063
9432
1539
6208
5267
1935
4021
6145
1361
7050
1924
9995
1999
4743
7032
9449
1623
6775
463
3314
5321
8714
9153
5786
4230
9223
5234
3721
8937
4493
529
4965
9053
427
4787
8507
3744
296
5513
1191
2363
968
9309
5042
6543
6547
9461
3884
5096
4253
2208
7850
918
3750
4578
9628
4703
7742
9989
6854
3740
8645
3906
925
5311
3412
758
3681
3291
6172
5059
9916
3425
6240
4210
5463
7472
7294
7806
7735
8888
1996
8459
8030
3076
5216
2103
2648
3336
8144
1551
2925
9609
5034
5680
2667
874
4129
8020
5139
3617
4357
2776
767
8184
9843
3330
996
2021
4941
8132
3407
3820
3561
1567
8085
5414
7873
2839
5493
8885
3134
4224
1675
4811
7346
1145
7455
3838
6727
423
4501
7819
559
9815
2607
8658
1895
1447
9358
2713
3789
4163
5450
6071
4282
4914
6401
1388
7166
7337
4078
88
9737
6450
9581
4660
3195
1969
2358
4577
6123
9222
9108
5906
6564
5796
46
9083
3632
4166
9380
1506
5275
5341
1500
1634
4871
6278
4278
9069
5638
4268
6158
762
8520
4802
4238
6921
6163
5505
6441
1449
2850
7689
2032
830
7901
8738
1253
2249
7888
3155
6644
6444
1263
7378
5727
3287
7522
3707
7186
8417
1846
1606
400
7383
5327
480
1246
9705
341
6592
5469
9013
414
8238
4585
7005
4011
7490
8287
8342
2071
3892
1613
808
9831
5317
4786
49
4514
3886
8533
1058
1781
309
7959
9180
5503
8304
3592
1876
7371
1864
9097
8742
5145
2042
1332
1336
910
6664
9915
6280
3645
5911
270
4767
3569
9086
6260
9148
9316
3007
5916
2559
2776
500
6545
718
622
8208
3538
5946
5987
6558
573
2233
8551
1154
7595
6745
6357
4066
6933
7548
8104
5546
7252
9527
365
1556
9612
481
191
135
9887
7202
9932
151
6998
6990
7720
9234
7003
3477
4055
3818
8935
6922
2174
3121
9467
8193
7518
626
9994
2542
9456
1172
1482
3983
6698
9098
9626
3576
6297
3082
5208
5259
5024
6261
2360
1001
1020
6027
450
2983
3113
6504
3703
4298
4941
8109
6323
1209
1135
2835
9922
9400
3196
950
4308
3866
3427
4636
2360
7058
6291
6772
4616
2771
7924
8540
9447
3859
6161
7827
270
328
5416
1498
2082
614
3017
8519
5825
2913
6189
7669
543
5346
1789
3075
134
3399
4085
3211
3590
611
9436
4113
5077
3820
516
5592
2922
7361
6926
9968
4664
1629
3472
6509
8657
97
2159
1108
1434
5542
9069
26
4001
524
2645
8515
9558
9441
5669
28
9759
9440
9201
9365
6551
5304
3109
3592
1866
9084
4474
7866
8033
8652
2087
9381
7590
670
2574
1606
2423
2478
1235
2658
8581
4337
8601
6259
5002
8144
1928
1022
1422
1233
9362
4007
3248
4218
3356
7474
8852
9966
9063
3516
7858
6718
2903
9901
7318
2154
6264
1835
6380
6767
9385
8598
9036
4285
897
1060
8854
4097
9159
5908
9197
5625
2615
5112
7390
7419
7667
4606
1514
4403
4283
4488
4089
5101
1444
4103
7750
6990
6887
9331
4224
2151
8123
6096
9402
7303
4653
3675
4095
1981
4494
3741
2208
6162
1667
6208
5470
3914
5130
976
6624
2830
3783
5418
1026
9925
6649
1077
9962
3444
2107
9463
7713
6592
5123
6048
8328
3598
6854
3618
7441
718
6693
970
9035
4764
2852
655
7010
9624
3922
9874
6661
6810
499
2004
1704
9571
2921
2272
8400
1327
8448
46
9451
8292
8793
1932
6891
2990
6820
4395
4971
118
9435
2000
1161
8684
2224
7509
5826
4667
227
3069
8882
6627
8383
7499
4783
2571
4663
3307
5572
204
8648
8469
5401
4227
8447
2232
8923
3744
9191
1254
266
38
7107
2240
8918
9975
4167
9893
3782
3131
9651
4496
6900
1366
6632
1706
3925
8013
3320
8277
9245
106
1513
1309
9893
1165
6966
5377
3832
3915
9403
1428
5044
2022
3100
3669
9937
7451
2495
5868
7050
5346
1142
6435
4749
1508
6415
2473
9684
8439
6922
6557
2149
4745
4267
6449
3136
9195
5964
7169
1925
5179
1667
6876
2291
3460
592
2886
91
1152
4060
1796
4877
2667
3399
8193
3462
4011
103
9684
3891
5246
2123
2108
4164
7228
7411
7700
1224
7754
3458
714
2227
9177
9446
9533
1901
4231
5847
1669
6945
9303
4849
8216
834
4742
3796
7285
140
9905
2998
1757
6533
6587
8743
5289
7026
8267
2073
1921
8650
4146
4030
8857
2809
6348
8435
9046
8805
5860
4002
32
5704
7780
8594
8211
6586
9292
9791
3117
9526
4376
7559
4634
5147
7769
6808
7159
1521
6892
9863
8636
3313
4575
1495
9112
3604
7271
2041
3028
3613
3165
7357
1781
7659
2074
7870
8275
8144
4382
2846
3166
8075
9352
133
3280
6695
4158
6092
6286
7182
3668
5224
2151
4027
7666
4065
1089
1734
6499
9359
9793
5740
8406
6171
2570
1133
1749
7703
1683
4630
3201
4843
1665
532
8597
182
5672
1958
6573
8158
8049
4485
6402
288
6178
535
490
2020
6436
9329
8899
5650
3607
9047
7941
1946
460
4933
7410
1670
4363
9532
1337
6997
778
8994
5293
2012
9299
2411
9195
898
6454
9550
8360
2230
952
6013
7092
7868
1259
3853
8491
5322
2427
9976
1369
3223
8974
4289
162
505
3261
4468
6549
1277
4290
4494
2129
9003
149
9618
9957
5575
8429
1335
8979
3120
2850
2085
9515
9013
1063
922
9783
7407
8148
8181
3185
3874
2651
9311
3576
3203
7213
5446
1043
4316
3783
1064
3893
335
4210
7108
3453
6363
641
1334
7079
2276
6508
6330
1325
2923
8179
9629
1611
3542
9348
9664
6932
3886
5109
5928
8150
620
314
1618
6252
3832
7317
2313
2555
217
1460
4766
6334
2391
8796
5776
6577
1118
9445
2293
3638
4796
1694
366
3477
8441
6529
2411
1844
2662
9595
9341
8273
1578
7785
6547
106
7542
619
497
4856
9618
2362
5713
5210
2279
9449
320
4698
525
9177
1991
3642
7720
9889
5144
4386
2882
9864
4528
2006
4803
2047
9967
1687
1473
4343
1961
6809
4576
753
8089
2398
491
6859
5695
7050
1184
4307
7252
2692
680
2842
930
5626
5349
5163
421
4183
9180
9440
4871
7997
8404
6647
1887
1448
3370
5073
4018
9115
9400
2313
1857
4231
2507
5867
4965
2082
337
7042
5186
9041
3435
9312
5608
4506
7061
1471
2416
7392
9166
8000
6185
1043
5844
3878
3795
396
1615
8792
2060
3106
8221
6098
9432
1940
2280
5269
2669
9194
9088
2590
1257
5178
7154
3817
3528
1844
5626
4253
4937
9556
4668
6191
737
9669
7077
1085
2441
8108
7932
3923
9878
5461
7914
294
8380
7231
5094
2413
3729
3833
9441
8964
5819
3693
4073
5065
5708
4382
7374
2863
9705
6071
486
308
8453
8847
5422
5524
8586
369
31
6861
9468
3237
7431
4160
7777
2026
9137
5099
8231
8408
3103
1556
9645
9055
152
4857
1687
5061
4859
5507
9168
3526
9875
2533
7548
1646
5856
9925
5438
1130
2709
2844
7294
6142
1719
4204
2279
1041
2223
3080
3305
5188
1019
9947
3623
815
7425
208
7042
6548
2026
6668
1831
3541
2520
3685
7667
3385
5802
547
9611
6974
1455
9320
3043
1310
8139
2868
8695
6882
1028
2050
7517
1703
5414
7213
951
9326
8860
7968
3390
7265
1878
7041
78
9103
5014
8461
5513
8281
8423
7733
4564
4076
8551
1820
892
578
5375
9709
5060
7630
2809
146
7744
8647
4337
1728
1836
3954
5707
1938
903
9909
6638
5967
487
3407
3841
3182
2988
8602
8413
8968
6552
7670
1679
2321
3260
261
4857
5081
2206
6927
9643
6934
8570
272
8698
1478
692
3788
7355
2492
3315
2479
421
6358
6661
1191
848
6036
7824
6314
286
4435
3072
4007
5022
123
7074
3425
4674
6315
7835
6568
5146
4908
4159
7296
1811
858
5838
858
3683
8695
5433
1805
4393
2134
4545
2577
1230
9819
6719
7233
9166
5074
3812
4820
2868
5209
2523
4668
5990
6404
3091
1584
3708
3482
2651
2297
1437
9988
1690
5842
9914
2920
3147
9568
4445
8155
250
9405
4004
7188
972
7678
4082
3134
4094
4288
5716
4124
4325
7388
1961
5181
1632
7833
2220
5485
3038
7620
4321
6514
3467
6286
3970
7972
5939
829
1351
2649
376
4073
4990
8394
4615
3616
3758
5234
828
8500
8875
8335
5479
3564
9148
3001
1204
2091
4300
6157
4552
5770
3235
9916
4378
7310
6325
6701
1892
5054
3440
2144
4831
877
2289
1536
5054
2317
4901
7917
953
7412
3571
5108
3530
6029
1438
6926
7711
4630
7025
4639
8554
2317
6519
8316
5330
4824
2358
4126
5202
9637
1760
8904
2157
9844
4259
5297
6196
6502
2994
5709
2387
9316
548
870
9326
3247
6456
9402
1789
4318
156
7970
2909
1297
124
7781
7114
1242
7206
2054
6186
5928
7743
856
7351
3074
9998
4196
4090
995
5587
1672
7474
7801
6174
7085
8282
6585
4483
9446
7874
6196
7870
7581
8882
3108
2148
4133
5114
3694
3118
6195
3793
7759
3372
4024
2187
3576
2318
6325
5059
1870
8090
466
8933
1214
1045
8616
4134
94
9871
6323
5783
1576
2986
8289
513
4915
9881
7257
6495
4735
9309
5786
613
2465
3847
7460
8038
6606
3228
3598
6335
8108
2059
3900
8301
4626
1083
4602
5201
2777
4959
5728
4778
619
3697
9789
6508
3549
9347
7903
9904
5567
4314
5707
386
4415
2752
674
1199
3507
1909
4491
9193
5739
5993
8992
6884
4292
1148
1820
3147
3372
6491
8471
141
7430
2791
652
4622
906
7341
6995
7668
1740
840
1101
8013
1032
9717
3571
708
8043
5194
9292
4589
4499
8620
8525
9204
4617
1133
558
4238
7622
4528
1656
2247
7645
9390
4815
8543
1847
5972
7439
488
1377
3119
4492
2066
1324
590
8875
8670
5240
545
7839
1289
6978
4691
4102
8943
7616
4574
2983
3104
8054
3869
2364
8136
8515
3168
579
7278
4604
9705
8426
4642
5877
6766
5409
9797
6904
98
7066
3078
2723
1534
9767
6511
271
3269
1707
7394
4877
9749
4011
8997
6250
7963
3831
5585
1496
1088
2102
7036
3671
4900
2244
1675
3134
1126
2497
4646
5520
7017
3811
3136
4554
5821
7253
9053
125
8523
9756
4408
2026
3287
4677
4549
7628
5326
4137
9681
7340
6626
3390
5615
5214
1856
3579
602
3247
4132
8145
6255
7075
1834
9894
7080
7568
5630
259
4933
7594
3016
9658
1838
5690
6263
7999
7037
8712
8459
7378
1890
3679
1500
4795
9284
4963
9349
1325
2604
6735
9657
5598
2975
2160
6916
3648
2503
215
730
4274
5519
8190
3496
8869
9489
2957
2811
7355
2139
6910
5262
7358
1636
5112
9899
2007
2172
8619
1673
2890
8222
5245
7369
8579
6876
3072
9174
5889
9174
3895
3912
565
8169
3527
9190
6450
3566
3340
1221
7345
195
2792
2949
3761
365
5798
5212
7551
8147
4751
8184
1003
7060
4774
5082
3410
1257
7342
5232
7343
4362
6794
8971
8911
9362
5477
2592
1124
7618
3242
7545
7164
4965
4860
4468
841
8123
4538
9257
4778
5207
196
5338
3019
9976
1372
3611
3627
655
3763
9089
8584
658
227
1180
2857
332
2819
2757
1830
5989
2918
1699
6472
4891
6825
7414
8596
2628
2369
4007
4358
2360
7962
1235
2727
3784
9361
4126
7102
3357
912
2288
2458
6298
7472
268
7451
5207
390
1087
785
9761
5934
6069
3758
6856
7387
5443
6455
839
2645
5821
3279
9010
7626
2655
4657
8449
2047
8004
5664
6407
8177
6581
9021
7983
5109
5906
9493
1641
732
9629
9033
5207
1137
6614
7216
2444
2504
2194
9460
3030
3631
2171
6338
6843
8237
4604
886
6786
4930
9184
7211
3117
9282
9096
2969
6205
6859
5676
275
3948
8247
1859
4509
4733
7112
6466
8109
6698
172
7699
6942
9365
3587
871
136
4212
3711
2355
344
6654
1420
9020
338
3078
8311
0
3567
3064
9919
5556
828
8739
5846
5978
2592
326
9146
2037
6639
9382
7695
7304
3708
8964
8358
1808
9570
3019
738
5985
621
5658
1050
3634
1449
4668
8236
2670
7083
2597
3803
2896
9667
3055
4096
700
9160
9505
8694
1624
320
8741
1469
3082
3722
1482
1462
1164
6830
8102
9178
7418
2276
8340
186
3769
4382
62
1942
6352
1721
3594
1679
1896
3031
5002
2876
3546
6151
3766
5338
6506
4841
7759
9249
7747
6284
1178
6675
8153
2893
9120
4965
9968
5639
5885
5242
7147
2521
2742
5749
1336
5050
4923
4204
1588
7630
6887
5522
1633
9617
9525
1254
4556
7440
2918
4929
1076
4713
3484
3122
4242
1515
4937
5502
376
123
8308
8394
3314
3425
7507
5443
6614
3934
3353
5868
6309
5891
852
5482
4963
281
1575
8168
6338
2771
5461
5814
8820
7531
4085
2864
4884
5726
506
7567
3357
6024
9161
5790
1001
5935
2984
4796
49
6970
3876
3825
8684
3697
7008
5463
2219
6594
9023
6828
3712
1273
5150
2401
4123
2140
486
985
3746
6825
6254
7711
8633
8836
2721
8264
7977
9806
6634
6594
1044
9414
2526
9236
5103
636
4071
9084
9052
289
3745
8961
940
40
6526
648
1435
1007
6083
8182
9436
5874
9970
5155
481
6051
3697
4550
3396
7814
2265
6164
5702
614
1707
1105
3699
2743
2496
5023
8874
4444
1327
1734
8286
6191
7666
6754
2931
346
6741
5850
4730
7692
1184
7199
9771
6466
9417
6995
2660
386
43
7395
4498
3944
8010
2617
4828
7742
112
3671
6148
4031
4518
4725
8124
2737
1449
4433
7425
1296
9859
3672
8308
7348
8058
7114
8506
1995
4536
9769
4762
2711
8998
1267
2441
9230
2539
9974
4044
2797
257
6280
2179
8978
9174
9378
3535
6951
9309
4686
1787
3607
5950
9707
8972
9155
6764
4544
6868
1970
8223
9580
2151
4362
2034
6875
1739
7690
3731
3737
7583
4746
2412
6616
3406
9725
2705
968
9418
1237
7499
8083
4859
1819
2707
2976
2384
8169
3376
8413
2750
9949
3866
8890
3074
1417
3442
4956
6972
9358
2679
2661
338
2856
5337
5105
2193
5276
5024
3067
6087
6500
5852
9533
3872
3944
1577
8551
287
4174
8249
2315
3807
3026
1266
1620
6439
1076
8909
3910
2750
3019
953
33
6337
4059
2705
5488
117
3763
1994
4504
5380
8014
9033
5562
3357
2650
6836
5144
2238
8187
2907
2423
1991
3633
1332
1370
9163
8780
8025
8333
3883
8641
926
2511
1723
698
1236
3969
3765
5496
1373
8828
9257
3793
310
4088
6569
8937
7157
5194
9837
1442
9425
7885
593
3848
3284
2131
6028
7830
9294
33
8047
2306
8593
1460
232
776
1333
866
3019
8525
1264
6272
908
5458
7804
6694
9397
8325
9687
7453
3451
6892
2319
3726
3784
2205
4346
1493
2032
1510
7646
1564
947
3641
8892
6793
1173
692
217
4759
1850
6692
1062
8213
8355
1606
3254
3408
6782
9532
6615
2077
1448
3197
2922
6248
8657
2995
1945
6363
7245
7700
4444
2245
3990
5750
3531
3306
9902
494
7561
9147
1608
190
4898
4141
555
3681
3275
9975
1632
5656
4245
8213
1921
1224
6279
928
9769
8077
8405
1177
4163
5999
9997
6689
4441
7646
1306
9517
807
1613
3624
1589
6814
8621
7592
1115
6003
4342
3118
7631
6241
7859
4571
4085
6920
3036
525
2824
6179
1184
8150
8609
7559
7344
8563
5828
8099
9184
925
9005
2783
7118
9886
5363
3452
6549
3095
5731
3839
8334
2932
5384
6201
1546
9347
9583
9177
3388
8770
9471
989
4728
7396
2791
6836
6128
5868
437
4455
8489
6332
4244
7207
4453
2187
3612
9755
1560
5439
8580
7447
5853
6520
4784
6821
5045
6660
1353
1339
3724
3487
6281
3390
9106
6353
5018
885
4819
9109
7161
4364
1891
4524
2947
8424
681
6354
5993
9504
4817
2183
1217
560
8419
2599
7200
2040
795
1
383
7692
8666
3396
4445
3198
4510
3917
1967
5435
1080
9466
7038
206
6355
5879
6898
6721
232
6342
7833
7811
4117
361
5620
5865
7244
8565
3598
5849
9022
9838
2089
8391
5013
2844
1337
7896
5233
4871
6406
2906
7390
7111
6528
8556
4413
6976
3294
3805
5146
4868
1773
9415
9447
4930
6151
6106
4100
6746
6812
6198
3920
7691
8906
6192
3230
3698
3405
2175
6470
9582
410
4765
3157
8720
1035
5349
1596
5915
8581
784
7816
6540
1922
9472
1042
9715
4023
7685
4689
3166
6322
1422
2340
2699
5375
5674
1447
9723
1581
9978
3634
6196
1072
6378
9345
7481
934
3543
6365
145
4790
8644
6231
3502
509
6844
9940
858
4263
6770
4515
8804
5530
9147
4962
697
5731
4973
1952
3469
9176
9036
4154
5337
8716
4364
5587
5603
95
3291
2544
6779
8381
1226
1723
3559
7028
9894
1040
2765
5171
7894
7246
3352
1532
7714
9985
5785
3989
9
181
5658
2282
7915
1788
7306
7609
6447
9808
9326
6913
4601
4248
5422
1573
709
9210
817
9893
4772
8659
6555
285
5062
5592
1477
7399
92
9301
4402
6535
1211
6218
7064
2672
5549
3425
1775
9177
3812
340
6433
7826
2506
3321
3491
6190
5585
9940
8817
586
6211
4587
1001
2845
5352
4666
1580
6946
294
7185
1900
7211
2754
8787
2901
3202
3290
8394
9984
7714
5957
547
6259
3346
4726
9260
4037
9990
1138
6735
6168
310
814
8643
5987
2755
5021
7858
7056
2013
2292
1469
1609
4906
4276
1745
9710
5706
9443
272
9442
8598
8047
5938
2198
6583
1840
1654
6069
5513
2421
1733
4684
9136
2848
1737
8446
6045
8105
5204
51
2236
1434
7227
6420
3640
5116
3074
4736
1406
6308
1186
1121
9004
768
3792
6715
4270
9945
5109
7373
1409
9741
6640
19
7656
2533
1418
813
6834
7527
4252
7726
7326
8362
2959
2849
5156
1040
6383
7823
3802
9722
8625
9155
1112
2679
5271
8857
288
5830
6687
9839
6282
6628
5462
4799
1133
6834
9938
1970
1796
8696
3436
1017
1840
5423
9267
7612
4003
3467
4894
5789
4080
1100
4744
3036
7826
5066
44
4260
1691
4634
5828
7277
5027
322
9760
4257
6148
2751
4806
694
7118
5614
7941
5888
2462
5592
42
6696
5131
1198
7939
9319
9007
1977
8168
2312
984
9297
3405
7660
7235
16
6793
5746
7667
4745
6389
4373
9756
3112
1844
1603
7965
9477
8071
7100
7773
3881
6143
6936
3970
4648
9957
2342
1337
1046
8305
3785
2072
6673
5890
7905
8398
6823
3584
6372
690
5985
7742
2503
1133
4862
745
3606
446
9782
125
4462
532
1260
1578
80
9026
2571
1982
3925
2707
3701
2147
1207
5434
785
5398
5459
2909
6251
7385
671
889
270
4495
513
5726
9854
3128
847
6072
7926
9760
1600
2445
1070
2187
9367
6965
1290
5644
2647
9037
4079
3580
7476
3990
2364
1811
2419
772
3515
6491
8371
1699
4450
854
422
1907
8143
3096
6156
8722
3311
7860
7206
1444
7940
6826
8596
198
6426
9658
3493
8434
9598
5188
9338
7442
6636
4112
5019
2794
8013
8734
7738
2035
8973
2293
2525
118
3773
291
6991
4103
1951
8909
8809
1465
9204
1042
3703
6978
7124
8821
7235
1591
8002
2562
4578
2994
3176
2
8642
1605
5994
6424
8391
7628
3364
5803
6040
4524
3071
5455
3890
1716
7572
1859
9024
4717
8817
3260
6824
3976
2784
5503
2314
4685
6897
1105
1724
8562
8260
8023
5329
5187
5722
3773
6630
4867
4206
2634
2232
7167
5435
8481
1417
9319
5214
3497
4323
6463
3768
3465
2878
1380
2289
3645
9230
4781
5799
5341
2237
8483
9722
2176
3793
2903
5142
6832
3259
7131
5614
3542
55
4609
6628
8972
1609
9886
7339
4315
6283
2291
3001
4380
8631
475
5734
5253
7425
7728
666
717
5214
1736
4302
9037
1921
4013
2047
5918
3903
3634
2217
6528
4283
7089
4570
9298
9922
1075
2431
6881
5355
7894
8825
5150
4275
3735
8653
9386
4664
8566
948
7916
4584
2647
7504
7382
1790
8708
6746
549
1834
758
4638
7088
6148
170
7623
154
3679
7186
6103
6705
7120
1342
837
7523
7494
7408
8747
3659
8927
4420
9121
9657
8804
4107
5948
301
7174
1631
7223
6874
3293
5891
7466
951
6470
8889
5388
8612
3021
3627
4696
5613
1049
7857
2331
4533
39
6609
5116
8231
2787
9902
2733
7
3055
3283
2224
9819
3555
7905
6814
7605
5311
3767
9742
9328
1297
4409
1995
8685
4346
3877
1385
7610
1761
7092
9218
1680
6803
2900
9985
2301
297
5014
8942
6185
3944
9830
2244
4014
633
1654
4361
4450
6033
5303
7931
6657
35
3172
1891
4375
6265
8947
4784
7253
2787
2902
1444
610
7389
4385
2931
3102
6378
5547
1557
2868
6695
6605
5097
6640
7333
7035
6888
3043
7538
8935
1405
840
6088
8541
8132
5236
8044
9345
46
519
2827
5624
6900
5301
183
8297
7616
7396
8698
5978
583
9001
4853
2882
5404
9241
9319
1757
4761
374
1165
4462
423
5994
9987
4960
3179
4428
554
9536
2470
8177
4509
6848
7843
743
8928
6079
1011
5466
2061
4878
4255
7099
2477
61
8166
5775
8999
3111
9355
4727
5329
9374
6601
7695
5030
4598
2182
9276
9714
4907
3602
1651
5651
6695
9810
4117
1797
982
5128
7612
5291
2802
3586
5058
8835
9882
6125
9727
8041
6491
3223
8102
5850
7700
5901
717
5412
6501
8774
4323
2445
1232
9839
1395
3020
3591
3034
8479
2961
8146
1244
3147
616
2701
9403
459
5609
5140
9610
3735
2375
6424
2758
1157
8772
1339
4102
9280
6865
8246
3363
6888
5112
6630
3534
7760
8590
6544
6362
